0,0,12426
2,0,152
3,0,242
4,0,188
5,0,108
6,0,90
7,0,78
8,0,120
9,0,264
10,0,274
11,0,292
12,0,258
13,0,138
14,0,90
15,0,66
16,0,68
17,0,104
18,0,74
19,0,54
20,0,116
21,0,240
22,0,140
23,0,60
24,0,66
25,0,56
26,0,96
27,0,86
28,0,112
29,0,86
30,0,70
31,0,62
32,0,66
33,0,42
34,0,20
35,0,36
36,0,44
37,0,30
38,0,20
39,0,48
40,0,44
41,0,48
42,0,26
43,0,40
44,0,32
45,0,24
46,0,64
47,0,24
48,0,24
49,0,24
50,0,28
51,0,10
52,0,2
53,0,6
54,0,16
55,0,22
56,0,18
57,0,16
58,0,6
59,0,20
60,0,20
61,0,32
62,0,36
63,0,58
64,0,30
65,0,42
66,0,50
67,0,28
68,0,52
69,0,56
70,0,56
71,0,60
72,0,24
73,0,10
74,0,32
75,0,16
76,0,18
77,0,16
78,0,28
79,0,26
80,0,26
81,0,58
82,0,94
83,0,38
84,0,38
85,0,26
86,0,22
87,0,18
88,0,22
89,0,10
90,0,12
0,2,152
2,2,35942
3,2,19686
4,2,12404
5,2,3314
6,2,1690
7,2,1572
8,2,2376
9,2,5128
10,2,3938
11,2,3784
12,2,3382
13,2,2268
14,2,1406
15,2,1100
16,2,1256
17,2,1410
18,2,874
19,2,596
20,2,1564
21,2,2390
22,2,1904
23,2,850
24,2,1012
25,2,872
26,2,1054
27,2,1276
28,2,1444
29,2,876
30,2,770
31,2,848
32,2,886
33,2,640
34,2,214
35,2,422
36,2,428
37,2,420
38,2,368
39,2,356
40,2,480
41,2,694
42,2,340
43,2,382
44,2,346
45,2,284
46,2,766
47,2,328
48,2,188
49,2,214
50,2,326
51,2,158
52,2,142
53,2,148
54,2,178
55,2,140
56,2,204
57,2,128
58,2,148
59,2,122
60,2,206
61,2,248
62,2,468
63,2,594
64,2,436
65,2,386
66,2,346
67,2,416
68,2,552
69,2,626
70,2,636
71,2,594
72,2,350
73,2,204
74,2,306
75,2,140
76,2,168
77,2,190
78,2,312
79,2,252
80,2,332
81,2,840
82,2,1086
83,2,518
84,2,444
85,2,572
86,2,152
87,2,110
88,2,172
89,2,102
90,2,90
0,3,242
2,3,19686
3,3,178170
4,3,97728
5,3,16642
6,3,6894
7,3,7062
8,3,9826
9,3,17880
10,3,13172
11,3,10978
12,3,10696
13,3,8038
14,3,6240
15,3,4100
16,3,5106
17,3,5620
18,3,3272
19,3,2460
20,3,5898
21,3,7850
22,3,7086
23,3,3374
24,3,3654
25,3,3746
26,3,3782
27,3,4274
28,3,4894
29,3,3788
30,3,3014
31,3,3148
32,3,3342
33,3,2422
34,3,978
35,3,1700
36,3,1830
37,3,1982
38,3,1430
39,3,1360
40,3,2134
41,3,2460
42,3,1488
43,3,1462
44,3,1404
45,3,1216
46,3,2572
47,3,1180
48,3,736
49,3,756
50,3,1262
51,3,630
52,3,410
53,3,482
54,3,664
55,3,456
56,3,658
57,3,298
58,3,408
59,3,406
60,3,612
61,3,834
62,3,1774
63,3,2126
64,3,1746
65,3,1594
66,3,1572
67,3,1518
68,3,1684
69,3,1962
70,3,1864
71,3,1938
72,3,1378
73,3,794
74,3,1014
75,3,530
76,3,542
77,3,814
78,3,1248
79,3,830
80,3,1302
81,3,2778
82,3,2952
83,3,1612
84,3,1390
85,3,1878
86,3,490
87,3,466
88,3,642
89,3,276
90,3,398
0,4,188
2,4,12404
3,4,97728
4,4,1511998
5,4,279286
6,4,68758
7,4,62444
8,4,85366
9,4,38284
10,4,18850
11,4,14006
12,4,17518
13,4,16798
14,4,28968
15,4,27380
16,4,20774
17,4,17156
18,4,25312
19,4,23044
20,4,21568
21,4,13152
22,4,15252
23,4,22476
24,4,8876
25,4,7916
26,4,8480
27,4,6612
28,4,11856
29,4,16720
30,4,8410
31,4,7628
32,4,7720
33,4,15110
34,4,12140
35,4,11064
36,4,11292
37,4,10232
38,4,10972
39,4,11498
40,4,8676
41,4,10488
42,4,11070
43,4,8590
44,4,8614
45,4,9590
46,4,6176
47,4,7962
48,4,7386
49,4,6616
50,4,5438
51,4,5558
52,4,4282
53,4,5038
54,4,4404
55,4,3626
56,4,4248
57,4,4012
58,4,4134
59,4,4558
60,4,5904
61,4,8986
62,4,7500
63,4,5304
64,4,6364
65,4,8022
66,4,3878
67,4,3548
68,4,3046
69,4,3642
70,4,3118
71,4,5260
72,4,7004
73,4,7176
74,4,6376
75,4,5868
76,4,5774
77,4,6246
78,4,6342
79,4,8300
80,4,9146
81,4,6156
82,4,5244
83,4,9212
84,4,9396
85,4,7518
86,4,6086
87,4,5414
88,4,4484
89,4,3328
90,4,3694
0,5,108
2,5,3314
3,5,16642
4,5,279286
5,5,1457616
6,5,222652
7,5,123362
8,5,93614
9,5,30852
10,5,14778
11,5,10368
12,5,12824
13,5,13494
14,5,24832
15,5,26928
16,5,19364
17,5,16658
18,5,26584
19,5,24890
20,5,18538
21,5,9312
22,5,12118
23,5,18854
24,5,7348
25,5,6708
26,5,6470
27,5,5366
28,5,9058
29,5,14342
30,5,7544
31,5,6956
32,5,6682
33,5,15736
34,5,14506
35,5,13726
36,5,12994
37,5,11022
38,5,13540
39,5,14070
40,5,10590
41,5,10892
42,5,12896
43,5,9954
44,5,8894
45,5,9814
46,5,5922
47,5,8878
48,5,10412
49,5,7544
50,5,5764
51,5,7374
52,5,5538
53,5,7490
54,5,6116
55,5,4596
56,5,5732
57,5,6376
58,5,7518
59,5,6946
60,5,9126
61,5,12236
62,5,8408
63,5,4898
64,5,6024
65,5,7280
66,5,3636
67,5,3116
68,5,2706
69,5,2982
70,5,2658
71,5,4548
72,5,7428
73,5,7804
74,5,8896
75,5,8448
76,5,8224
77,5,8392
78,5,8858
79,5,10326
80,5,10422
81,5,5000
82,5,4414
83,5,9506
84,5,10808
85,5,8318
86,5,8600
87,5,7870
88,5,6878
89,5,4674
90,5,4850
0,6,90
2,6,1690
3,6,6894
4,6,68758
5,6,222652
6,6,1987406
7,6,365578
8,6,113368
9,6,23308
10,6,10482
11,6,7384
12,6,9378
13,6,9984
14,6,19624
15,6,21842
16,6,15290
17,6,13014
18,6,23784
19,6,22716
20,6,12838
21,6,5908
22,6,8026
23,6,15264
24,6,5196
25,6,5032
26,6,4974
27,6,3792
28,6,6164
29,6,10590
30,6,5630
31,6,5052
32,6,4762
33,6,13578
34,6,16478
35,6,12102
36,6,10942
37,6,9804
38,6,12222
39,6,13068
40,6,7538
41,6,7972
42,6,10602
43,6,8720
44,6,8574
45,6,10102
46,6,3920
47,6,8904
48,6,10786
49,6,8828
50,6,5680
51,6,8186
52,6,8298
53,6,8652
54,6,7130
55,6,6206
56,6,6632
57,6,8414
58,6,8186
59,6,9496
60,6,10236
61,6,11788
62,6,6316
63,6,3434
64,6,4556
65,6,5992
66,6,2688
67,6,2470
68,6,2096
69,6,2260
70,6,1924
71,6,3398
72,6,5684
73,6,8376
74,6,7506
75,6,10060
76,6,9630
77,6,9474
78,6,7678
79,6,10448
80,6,7962
81,6,4448
82,6,3404
83,6,7488
84,6,9368
85,6,6870
86,6,10124
87,6,9266
88,6,6740
89,6,6196
90,6,5120
0,7,78
2,7,1572
3,7,7062
4,7,62444
5,7,123362
6,7,365578
7,7,1724900
8,7,347860
9,7,36562
10,7,14564
11,7,9394
12,7,11150
13,7,10838
14,7,19850
15,7,22706
16,7,15726
17,7,13072
18,7,23006
19,7,22190
20,7,13816
21,7,7038
22,7,9140
23,7,13532
24,7,5552
25,7,5256
26,7,4986
27,7,3874
28,7,6604
29,7,9598
30,7,5480
31,7,5070
32,7,4742
33,7,12078
34,7,14074
35,7,12060
36,7,10918
37,7,9324
38,7,12384
39,7,11570
40,7,8080
41,7,8118
42,7,9808
43,7,7878
44,7,7596
45,7,8274
46,7,4248
47,7,7594
48,7,11776
49,7,8250
50,7,5772
51,7,8328
52,7,6840
53,7,9624
54,7,7522
55,7,5652
56,7,6624
57,7,7592
58,7,11064
59,7,9282
60,7,11598
61,7,12884
62,7,7294
63,7,3830
64,7,4406
65,7,5748
66,7,2786
67,7,2460
68,7,2120
69,7,2304
70,7,1964
71,7,3238
72,7,6088
73,7,8002
74,7,10002
75,7,10524
76,7,9898
77,7,9442
78,7,8666
79,7,10384
80,7,9222
81,7,4346
82,7,3654
83,7,8972
84,7,10850
85,7,8104
86,7,11534
87,7,11586
88,7,9956
89,7,7258
90,7,5738
0,8,120
2,8,2376
3,8,9826
4,8,85366
5,8,93614
6,8,113368
7,8,347860
8,8,1775078
9,8,259822
10,8,34256
11,8,21128
12,8,27986
13,8,22280
14,8,42332
15,8,38640
16,8,25254
17,8,20258
18,8,34102
19,8,32748
20,8,22866
21,8,11886
22,8,15344
23,8,25212
24,8,8996
25,8,7856
26,8,8370
27,8,6126
28,8,11204
29,8,17512
30,8,7920
31,8,7272
32,8,7374
33,8,17484
34,8,16890
35,8,13318
36,8,12858
37,8,11148
38,8,13358
39,8,14528
40,8,9186
41,8,10620
42,8,13634
43,8,10192
44,8,10508
45,8,11960
46,8,5844
47,8,10208
48,8,10308
49,8,8368
50,8,6038
51,8,7292
52,8,6012
53,8,6782
54,8,5836
55,8,4868
56,8,5420
57,8,6290
58,8,6362
59,8,7130
60,8,7666
61,8,11958
62,8,7770
63,8,5106
64,8,6854
65,8,8696
66,8,4098
67,8,3526
68,8,3008
69,8,3532
70,8,2984
71,8,5274
72,8,8034
73,8,9790
74,8,8556
75,8,9216
76,8,8078
77,8,8464
78,8,7066
79,8,10190
80,8,9988
81,8,6234
82,8,4954
83,8,9804
84,8,11008
85,8,8254
86,8,9420
87,8,7772
88,8,6476
89,8,5470
90,8,4390
0,9,264
2,9,5128
3,9,17880
4,9,38284
5,9,30852
6,9,23308
7,9,36562
8,9,259822
9,9,698456
10,9,177446
11,9,79108
12,9,70956
13,9,41066
14,9,32344
15,9,19298
16,9,20792
17,9,20930
18,9,13766
19,9,10782
20,9,22074
21,9,24746
22,9,21760
23,9,12826
24,9,11854
25,9,11452
26,9,11410
27,9,12176
28,9,15014
29,9,12548
30,9,9482
31,9,9794
32,9,10360
33,9,8460
34,9,4416
35,9,6194
36,9,6218
37,9,6324
38,9,5416
39,9,4814
40,9,6986
41,9,7952
42,9,5200
43,9,5342
44,9,4752
45,9,4838
46,9,7994
47,9,4300
48,9,2728
49,9,2760
50,9,3804
51,9,2158
52,9,1562
53,9,1842
54,9,2000
55,9,1622
56,9,2208
57,9,986
58,9,1328
59,9,1312
60,9,2464
61,9,3156
62,9,6050
63,9,6706
64,9,5982
65,9,5922
66,9,5384
67,9,5280
68,9,5712
69,9,6154
70,9,6150
71,9,7022
72,9,5114
73,9,3428
74,9,3732
75,9,2204
76,9,2030
77,9,2704
78,9,3962
79,9,3200
80,9,3970
81,9,6642
82,9,7296
83,9,5048
84,9,4194
85,9,4920
86,9,1534
87,9,1458
88,9,1816
89,9,798
90,9,1098
0,10,274
2,10,3938
3,10,13172
4,10,18850
5,10,14778
6,10,10482
7,10,14564
8,10,34256
9,10,177446
10,10,570696
11,10,154010
12,10,91016
13,10,41590
14,10,25514
15,10,13746
16,10,16126
17,10,17048
18,10,9296
19,10,6938
20,10,16116
21,10,24482
22,10,18914
23,10,8490
24,10,10546
25,10,10816
26,10,10988
27,10,12592
28,10,13364
29,10,9294
30,10,8410
31,10,8946
32,10,8742
33,10,5474
34,10,2576
35,10,4180
36,10,3956
37,10,4586
38,10,3252
39,10,2926
40,10,4886
41,10,5316
42,10,3348
43,10,3742
44,10,3434
45,10,3040
46,10,6428
47,10,3142
48,10,1658
49,10,1850
50,10,2672
51,10,1450
52,10,960
53,10,1028
54,10,1276
55,10,1028
56,10,1440
57,10,542
58,10,896
59,10,802
60,10,1408
61,10,1756
62,10,4148
63,10,5716
64,10,4442
65,10,4016
66,10,4834
67,10,5274
68,10,6144
69,10,6278
70,10,6526
71,10,5948
72,10,3636
73,10,2086
74,10,2514
75,10,1256
76,10,1250
77,10,1660
78,10,2574
79,10,1848
80,10,2296
81,10,5168
82,10,6172
83,10,3044
84,10,2534
85,10,3270
86,10,890
87,10,760
88,10,1040
89,10,436
90,10,646
0,11,292
2,11,3784
3,11,10978
4,11,14006
5,11,10368
6,11,7384
7,11,9394
8,11,21128
9,11,79108
10,11,154010
11,11,498180
12,11,159802
13,11,47720
14,11,27154
15,11,13642
16,11,15608
17,11,16268
18,11,8786
19,11,6336
20,11,14778
21,11,24146
22,11,18214
23,11,7732
24,11,9908
25,11,10150
26,11,11220
27,11,12366
28,11,12888
29,11,8534
30,11,7728
31,11,7660
32,11,8276
33,11,4864
34,11,2192
35,11,3294
36,11,3462
37,11,3974
38,11,2914
39,11,2424
40,11,4362
41,11,4716
42,11,2952
43,11,3332
44,11,2976
45,11,2602
46,11,5850
47,11,2568
48,11,1446
49,11,1496
50,11,2456
51,11,1182
52,11,776
53,11,1002
54,11,1162
55,11,938
56,11,1250
57,11,534
58,11,744
59,11,670
60,11,1118
61,11,1462
62,11,3444
63,11,5046
64,11,3818
65,11,3638
66,11,4368
67,11,4912
68,11,5748
69,11,5832
70,11,5778
71,11,4988
72,11,3216
73,11,1718
74,11,1928
75,11,1120
76,11,1004
77,11,1504
78,11,2074
79,11,1456
80,11,1890
81,11,4682
82,11,5630
83,11,2496
84,11,2150
85,11,2876
86,11,746
87,11,640
88,11,846
89,11,388
90,11,506
0,12,258
2,12,3382
3,12,10696
4,12,17518
5,12,12824
6,12,9378
7,12,11150
8,12,27986
9,12,70956
10,12,91016
11,12,159802
12,12,573994
13,12,195918
14,12,89716
15,12,27486
16,12,27806
17,12,25182
18,12,14762
19,12,10748
20,12,21630
21,12,28276
22,12,21746
23,12,11904
24,12,12326
25,12,12072
26,12,12708
27,12,13172
28,12,14668
29,12,11692
30,12,9692
31,12,9424
32,12,9612
33,12,7082
34,12,3306
35,12,5104
36,12,5008
37,12,5260
38,12,4248
39,12,3772
40,12,5604
41,12,6260
42,12,4042
43,12,4580
44,12,4346
45,12,4296
46,12,7018
47,12,3622
48,12,2190
49,12,2462
50,12,3510
51,12,1994
52,12,1390
53,12,1464
54,12,1542
55,12,1440
56,12,1758
57,12,836
58,12,948
59,12,1064
60,12,1820
61,12,2234
62,12,4628
63,12,5808
64,12,5000
65,12,4986
66,12,5052
67,12,5370
68,12,5954
69,12,6564
70,12,5996
71,12,6240
72,12,4024
73,12,2720
74,12,2732
75,12,1648
76,12,1626
77,12,2028
78,12,2758
79,12,2100
80,12,2694
81,12,5284
82,12,5822
83,12,3330
84,12,2872
85,12,3216
86,12,1138
87,12,960
88,12,1172
89,12,502
90,12,748
0,13,138
2,13,2268
3,13,8038
4,13,16798
5,13,13494
6,13,9984
7,13,10838
8,13,22280
9,13,41066
10,13,41590
11,13,47720
12,13,195918
13,13,648714
14,13,206188
15,13,38486
16,13,37142
17,13,32902
18,13,18062
19,13,12896
20,13,25460
21,13,26184
22,13,22198
23,13,12408
24,13,12570
25,13,12104
26,13,11684
27,13,11600
28,13,13960
29,13,11802
30,13,10098
31,13,9998
32,13,10072
33,13,8074
34,13,4104
35,13,5884
36,13,5620
37,13,6150
38,13,4896
39,13,4194
40,13,6246
41,13,7050
42,13,4848
43,13,5292
44,13,4820
45,13,4954
46,13,8238
47,13,4310
48,13,2728
49,13,3156
50,13,3960
51,13,2436
52,13,1604
53,13,1838
54,13,1832
55,13,1584
56,13,2076
57,13,1056
58,13,1420
59,13,1446
60,13,2258
61,13,2808
62,13,5376
63,13,6160
64,13,5798
65,13,5506
66,13,5518
67,13,5196
68,13,5422
69,13,5706
70,13,5542
71,13,6152
72,13,4610
73,13,3092
74,13,2928
75,13,1952
76,13,1884
77,13,2532
78,13,3132
79,13,2540
80,13,3066
81,13,4850
82,13,5370
83,13,3522
84,13,3158
85,13,3298
86,13,1348
87,13,1208
88,13,1380
89,13,736
90,13,890
0,14,90
2,14,1406
3,14,6240
4,14,28968
5,14,24832
6,14,19624
7,14,19850
8,14,42332
9,14,32344
10,14,25514
11,14,27154
12,14,89716
13,14,206188
14,14,1006924
15,14,344072
16,14,89988
17,14,48638
18,14,55444
19,14,42852
20,14,35108
21,14,21612
22,14,22674
23,14,27360
24,14,12334
25,14,11494
26,14,12050
27,14,9476
28,14,15070
29,14,21202
30,14,10934
31,14,10244
32,14,9732
33,14,15886
34,14,13274
35,14,10916
36,14,11332
37,14,10398
38,14,11224
39,14,11510
40,14,8582
41,14,10070
42,14,11562
43,14,9886
44,14,9886
45,14,11070
46,14,7678
47,14,9502
48,14,7834
49,14,6942
50,14,6552
51,14,6422
52,14,4456
53,14,4448
54,14,4232
55,14,3746
56,14,4222
57,14,3782
58,14,3928
59,14,4520
60,14,5232
61,14,8356
62,14,7568
63,14,6438
64,14,7862
65,14,9336
66,14,5240
67,14,4848
68,14,4470
69,14,4862
70,14,4420
71,14,6270
72,14,7440
73,14,7458
74,14,6080
75,14,5640
76,14,5266
77,14,5232
78,14,5122
79,14,6148
80,14,6734
81,14,5346
82,14,4600
83,14,6442
84,14,6208
85,14,5210
86,14,4600
87,14,3638
88,14,2668
89,14,1852
90,14,2290
0,15,66
2,15,1100
3,15,4100
4,15,27380
5,15,26928
6,15,21842
7,15,22706
8,15,38640
9,15,19298
10,15,13746
11,15,13642
12,15,27486
13,15,38486
14,15,344072
15,15,1349136
16,15,367898
17,15,84896
18,15,103818
19,15,66300
20,15,35752
21,15,16784
22,15,18208
23,15,27918
24,15,10170
25,15,9760
26,15,10274
27,15,7620
28,15,12566
29,15,19454
30,15,9408
31,15,8422
32,15,8554
33,15,18354
34,15,18178
35,15,13026
36,15,13336
37,15,11380
38,15,13658
39,15,14246
40,15,8880
41,15,10200
42,15,13938
43,15,10728
44,15,10858
45,15,12750
46,15,6710
47,15,11766
48,15,11662
49,15,9298
50,15,8644
51,15,9504
52,15,6764
53,15,6266
54,15,5862
55,15,5422
56,15,5790
57,15,6070
58,15,6022
59,15,6958
60,15,7668
61,15,11852
62,15,8156
63,15,5912
64,15,7462
65,15,9246
66,15,4424
67,15,4220
68,15,3686
69,15,4184
70,15,3630
71,15,5180
72,15,7892
73,15,9674
74,15,7608
75,15,7990
76,15,7460
77,15,6994
78,15,5930
79,15,7930
80,15,8178
81,15,4888
82,15,3898
83,15,7274
84,15,7972
85,15,5936
86,15,7332
87,15,5762
88,15,3440
89,15,2680
90,15,2878
0,16,68
2,16,1256
3,16,5106
4,16,20774
5,16,19364
6,16,15290
7,16,15726
8,16,25254
9,16,20792
10,16,16126
11,16,15608
12,16,27806
13,16,37142
14,16,89988
15,16,367898
16,16,1015146
17,16,329334
18,16,141318
19,16,50702
20,16,48156
21,16,25708
22,16,23760
23,16,20276
24,16,11954
25,16,11392
26,16,10472
27,16,9242
28,16,13332
29,16,16656
30,16,11230
31,16,10544
32,16,10276
33,16,13800
34,16,9766
35,16,10624
36,16,9664
37,16,10054
38,16,9582
39,16,8622
40,16,9196
41,16,9966
42,16,8654
43,16,8578
44,16,8326
45,16,9052
46,16,8912
47,16,8516
48,16,6526
49,16,6460
50,16,7014
51,16,5526
52,16,4028
53,16,4574
54,16,3834
55,16,3540
56,16,4342
57,16,2688
58,16,3272
59,16,3698
60,16,5334
61,16,7322
62,16,9240
63,16,7240
64,16,7684
65,16,8292
66,16,5614
67,16,5212
68,16,4752
69,16,4994
70,16,4800
71,16,6676
72,16,7466
73,16,6806
74,16,5980
75,16,4442
76,16,4638
77,16,4930
78,16,5692
79,16,5386
80,16,5914
81,16,5204
82,16,4844
83,16,6084
84,16,5752
85,16,5258
86,16,3544
87,16,2758
88,16,2874
89,16,1506
90,16,1862
0,17,104
2,17,1410
3,17,5620
4,17,17156
5,17,16658
6,17,13014
7,17,13072
8,17,20258
9,17,20930
10,17,17048
11,17,16268
12,17,25182
13,17,32902
14,17,48638
15,17,84896
16,17,329334
17,17,956224
18,17,337392
19,17,53162
20,17,57692
21,17,31288
22,17,26400
23,17,18082
24,17,12970
25,17,12196
26,17,11016
27,17,10490
28,17,13540
29,17,15252
30,17,11442
31,17,11188
32,17,11200
33,17,12594
34,17,7850
35,17,9936
36,17,8834
37,17,9442
38,17,8562
39,17,7716
40,17,9904
41,17,10572
42,17,7780
43,17,7988
44,17,7140
45,17,8012
46,17,9816
47,17,7232
48,17,5688
49,17,5766
50,17,6484
51,17,4674
52,17,3416
53,17,3848
54,17,3630
55,17,3288
56,17,3996
57,17,2074
58,17,2934
59,17,3024
60,17,5088
61,17,5954
62,17,9770
63,17,8012
64,17,7558
65,17,7708
66,17,6110
67,17,5794
68,17,5452
69,17,5724
70,17,5422
71,17,7140
72,17,7134
73,17,5624
74,17,5740
75,17,3850
76,17,3884
77,17,4610
78,17,5996
79,17,4972
80,17,5378
81,17,6320
82,17,5972
83,17,5994
84,17,5738
85,17,5554
86,17,2646
87,17,2462
88,17,2704
89,17,1266
90,17,1720
0,18,74
2,18,874
3,18,3272
4,18,25312
5,18,26584
6,18,23784
7,18,23006
8,18,34102
9,18,13766
10,18,9296
11,18,8786
12,18,14762
13,18,18062
14,18,55444
15,18,103818
16,18,141318
17,18,337392
18,18,1369784
19,18,442212
20,18,66440
21,18,21588
22,18,20944
23,18,32366
24,18,10458
25,18,9502
26,18,9782
27,18,7220
28,18,12728
29,18,20408
30,18,8900
31,18,8422
32,18,7938
33,18,20692
34,18,22060
35,18,14554
36,18,14368
37,18,11946
38,18,15868
39,18,16644
40,18,9568
41,18,11006
42,18,16038
43,18,11522
44,18,11520
45,18,13626
46,18,6572
47,18,13270
48,18,14380
49,18,10416
50,18,8256
51,18,10608
52,18,8230
53,18,8410
54,18,6918
55,18,6746
56,18,6858
57,18,8696
58,18,8158
59,18,8826
60,18,9072
61,18,14554
62,18,8554
63,18,5680
64,18,7362
65,18,9348
66,18,4238
67,18,3994
68,18,3410
69,18,3894
70,18,3400
71,18,5296
72,18,8202
73,18,11016
74,18,9366
75,18,10280
76,18,9604
77,18,8590
78,18,6860
79,18,9034
80,18,9092
81,18,5038
82,18,4108
83,18,8322
84,18,9142
85,18,6968
86,18,9698
87,18,7302
88,18,4330
89,18,3826
90,18,3670
0,19,54
2,19,596
3,19,2460
4,19,23044
5,19,24890
6,19,22716
7,19,22190
8,19,32748
9,19,10782
10,19,6938
11,19,6336
12,19,10748
13,19,12896
14,19,42852
15,19,66300
16,19,50702
17,19,53162
18,19,442212
19,19,1556024
20,19,213410
21,19,28204
22,19,24154
23,19,40952
24,19,11480
25,19,10072
26,19,10734
27,19,7048
28,19,13158
29,19,22142
30,19,8896
31,19,7808
32,19,7402
33,19,21442
34,19,24590
35,19,15316
36,19,14850
37,19,12280
38,19,17036
39,19,17676
40,19,9064
41,19,10318
42,19,16590
43,19,12546
44,19,12726
45,19,15384
46,19,5746
47,19,14328
48,19,15100
49,19,11952
50,19,8496
51,19,11952
52,19,9234
53,19,8908
54,19,6964
55,19,6950
56,19,6784
57,19,9034
58,19,8752
59,19,10248
60,19,9444
61,19,15208
62,19,8134
63,19,4978
64,19,7540
65,19,9654
66,19,4028
67,19,3592
68,19,3086
69,19,3620
70,19,2846
71,19,4966
72,19,8400
73,19,12662
74,19,9738
75,19,11006
76,19,10600
77,19,8754
78,19,6422
79,19,9654
80,19,9156
81,19,4260
82,19,3308
83,19,8016
84,19,9066
85,19,6140
86,19,10380
87,19,7768
88,19,4058
89,19,3836
90,19,3714
0,20,116
2,20,1564
3,20,5898
4,20,21568
5,20,18538
6,20,12838
7,20,13816
8,20,22866
9,20,22074
10,20,16116
11,20,14778
12,20,21630
13,20,25460
14,20,35108
15,20,35752
16,20,48156
17,20,57692
18,20,66440
19,20,213410
20,20,929466
21,20,150984
22,20,66738
23,20,40312
24,20,22850
25,20,20394
26,20,16842
27,20,15346
28,20,22910
29,20,24276
30,20,14896
31,20,14074
32,20,13936
33,20,16942
34,20,10048
35,20,12390
36,20,11380
37,20,11618
38,20,10374
39,20,9898
40,20,12582
41,20,13722
42,20,10584
43,20,10778
44,20,10122
45,20,10922
46,20,12110
47,20,9668
48,20,6630
49,20,6462
50,20,7262
51,20,4874
52,20,3180
53,20,4024
54,20,3736
55,20,3118
56,20,3944
57,20,2062
58,20,2794
59,20,2724
60,20,4946
61,20,7020
62,20,11706
63,20,9672
64,20,9782
65,20,11254
66,20,7744
67,20,6944
68,20,6832
69,20,7270
70,20,6736
71,20,9302
72,20,10112
73,20,7362
74,20,7074
75,20,4436
76,20,3996
77,20,5182
78,20,6900
79,20,6056
80,20,7314
81,20,7366
82,20,6850
83,20,8002
84,20,7186
85,20,6408
86,20,2824
87,20,2444
88,20,2772
89,20,1278
90,20,1818
0,21,240
2,21,2390
3,21,7850
4,21,13152
5,21,9312
6,21,5908
7,21,7038
8,21,11886
9,21,24746
10,21,24482
11,21,24146
12,21,28276
13,21,26184
14,21,21612
15,21,16784
16,21,25708
17,21,31288
18,21,21588
19,21,28204
20,21,150984
21,21,663396
22,21,202264
23,21,46136
24,21,35894
25,21,32366
26,21,26150
27,21,27736
28,21,32914
29,21,21818
30,21,15446
31,21,14516
32,21,14960
33,21,11116
34,21,5084
35,21,7226
36,21,7282
37,21,7884
38,21,5970
39,21,5142
40,21,8378
41,21,9534
42,21,5978
43,21,6800
44,21,6182
45,21,6020
46,21,11544
47,21,5548
48,21,2990
49,21,3140
50,21,4718
51,21,2486
52,21,1640
53,21,1990
54,21,2026
55,21,1756
56,21,2344
57,21,966
58,21,1352
59,21,1290
60,21,2446
61,21,3172
62,21,7140
63,21,9226
64,21,7304
65,21,7404
66,21,7546
67,21,8078
68,21,8896
69,21,9192
70,21,9196
71,21,9318
72,21,6054
73,21,3608
74,21,3848
75,21,2106
76,21,2078
77,21,2604
78,21,3956
79,21,2766
80,21,3740
81,21,7774
82,21,8890
83,21,5002
84,21,3954
85,21,4948
86,21,1242
87,21,1066
88,21,1454
89,21,612
90,21,884
0,22,140
2,22,1904
3,22,7086
4,22,15252
5,22,12118
6,22,8026
7,22,9140
8,22,15344
9,22,21760
10,22,18914
11,22,18214
12,22,21746
13,22,22198
14,22,22674
15,22,18208
16,22,23760
17,22,26400
18,22,20944
19,22,24154
20,22,66738
21,22,202264
22,22,790704
23,22,159690
24,22,66402
25,22,50748
26,22,34274
27,22,32796
28,22,45590
29,22,32974
30,22,17790
31,22,16208
32,22,15848
33,22,15882
34,22,7268
35,22,10168
36,22,9712
37,22,10196
38,22,8606
39,22,7462
40,22,10864
41,22,12456
42,22,8444
43,22,9410
44,22,8188
45,22,7902
46,22,12472
47,22,7242
48,22,4460
49,22,4368
50,22,5614
51,22,3386
52,22,2154
53,22,2710
54,22,2798
55,22,2162
56,22,2930
57,22,1336
58,22,1922
59,22,1948
60,22,3200
61,22,4564
62,22,9042
63,22,9450
64,22,8822
65,22,9506
66,22,7896
67,22,7608
68,22,7850
69,22,8156
70,22,8136
71,22,9566
72,22,7892
73,22,4800
74,22,5242
75,22,3070
76,22,2926
77,22,3732
78,22,5224
79,22,4124
80,22,4986
81,22,7390
82,22,7516
83,22,6010
84,22,4878
85,22,5290
86,22,1722
87,22,1548
88,22,1742
89,22,854
90,22,1044
0,23,60
2,23,850
3,23,3374
4,23,22476
5,23,18854
6,23,15264
7,23,13532
8,23,25212
9,23,12826
10,23,8490
11,23,7732
12,23,11904
13,23,12408
14,23,27360
15,23,27918
16,23,20276
17,23,18082
18,23,32366
19,23,40952
20,23,40312
21,23,46136
22,23,159690
23,23,1222742
24,23,246902
25,23,114724
26,23,68582
27,23,42180
28,23,82338
29,23,71440
30,23,17682
31,23,13254
32,23,13134
33,23,25572
34,23,20234
35,23,15248
36,23,16296
37,23,14618
38,23,14628
39,23,16028
40,23,10854
41,23,14140
42,23,18076
43,23,13724
44,23,14304
45,23,15446
46,23,9044
47,23,13324
48,23,10264
49,23,8828
50,23,8996
51,23,7682
52,23,5384
53,23,4986
54,23,4992
55,23,4810
56,23,4616
57,23,4342
58,23,4102
59,23,5006
60,23,5648
61,23,9470
62,23,7856
63,23,6612
64,23,9316
65,23,12218
66,23,5758
67,23,5344
68,23,4786
69,23,5532
70,23,4834
71,23,7354
72,23,9290
73,23,10570
74,23,7482
75,23,7352
76,23,6592
77,23,6854
78,23,5608
79,23,7634
80,23,8020
81,23,5872
82,23,4868
83,23,7274
84,23,7016
85,23,5364
86,23,5226
87,23,3770
88,23,2596
89,23,1986
90,23,2144
0,24,66
2,24,1012
3,24,3654
4,24,8876
5,24,7348
6,24,5196
7,24,5552
8,24,8996
9,24,11854
10,24,10546
11,24,9908
12,24,12326
13,24,12570
14,24,12334
15,24,10170
16,24,11954
17,24,12970
18,24,10458
19,24,11480
20,24,22850
21,24,35894
22,24,66402
23,24,246902
24,24,582914
25,24,171232
26,24,60572
27,24,48680
28,24,62770
29,24,32770
30,24,15752
31,24,13440
32,24,13236
33,24,11516
34,24,6056
35,24,7374
36,24,7466
37,24,7928
38,24,6356
39,24,5818
40,24,7794
41,24,8988
42,24,6666
43,24,7130
44,24,6650
45,24,6244
46,24,8948
47,24,5568
48,24,3344
49,24,3452
50,24,4424
51,24,2628
52,24,1750
53,24,1882
54,24,2106
55,24,1768
56,24,2020
57,24,1132
58,24,1308
59,24,1458
60,24,2292
61,24,2930
62,24,5534
63,24,6128
64,24,6244
65,24,6368
66,24,5734
67,24,5780
68,24,5444
69,24,5568
70,24,5794
71,24,6224
72,24,5268
73,24,3426
74,24,3542
75,24,2262
76,24,2058
77,24,2714
78,24,3180
79,24,2494
80,24,3232
81,24,4378
82,24,4668
83,24,3544
84,24,2886
85,24,3140
86,24,1298
87,24,1046
88,24,1192
89,24,574
90,24,718
0,25,56
2,25,872
3,25,3746
4,25,7916
5,25,6708
6,25,5032
7,25,5256
8,25,7856
9,25,11452
10,25,10816
11,25,10150
12,25,12072
13,25,12104
14,25,11494
15,25,9760
16,25,11392
17,25,12196
18,25,9502
19,25,10072
20,25,20394
21,25,32366
22,25,50748
23,25,114724
24,25,171232
25,25,511084
26,25,148622
27,25,80592
28,25,80666
29,25,35540
30,25,17046
31,25,14406
32,25,13380
33,25,11564
34,25,5830
35,25,7532
36,25,7346
37,25,7836
38,25,6276
39,25,5498
40,25,7814
41,25,8982
42,25,6266
43,25,7078
44,25,6548
45,25,6226
46,25,9076
47,25,5492
48,25,3420
49,25,3326
50,25,4384
51,25,2552
52,25,1680
53,25,1884
54,25,1994
55,25,1656
56,25,2024
57,25,1046
58,25,1330
59,25,1378
60,25,2242
61,25,2908
62,25,5390
63,25,6204
64,25,6058
65,25,6196
66,25,5932
67,25,5990
68,25,5806
69,25,5956
70,25,5942
71,25,6412
72,25,5346
73,25,3302
74,25,3468
75,25,2232
76,25,2028
77,25,2482
78,25,2946
79,25,2522
80,25,3068
81,25,4410
82,25,4564
83,25,3314
84,25,2744
85,25,2988
86,25,1216
87,25,974
88,25,1160
89,25,590
90,25,726
0,26,96
2,26,1054
3,26,3782
4,26,8480
5,26,6470
6,26,4974
7,26,4986
8,26,8370
9,26,11410
10,26,10988
11,26,11220
12,26,12708
13,26,11684
14,26,12050
15,26,10274
16,26,10472
17,26,11016
18,26,9782
19,26,10734
20,26,16842
21,26,26150
22,26,34274
23,26,68582
24,26,60572
25,26,148622
26,26,619274
27,26,168932
28,26,107004
29,26,44252
30,26,17268
31,26,14896
32,26,13490
33,26,12248
34,26,7576
35,26,8042
36,26,8618
37,26,8460
38,26,6926
39,26,6418
40,26,7368
41,26,8724
42,26,7728
43,26,7968
44,26,7468
45,26,7440
46,26,8554
47,26,6220
48,26,3792
49,26,3922
50,26,6046
51,26,3234
52,26,2234
53,26,2032
54,26,2284
55,26,2162
56,26,2532
57,26,1290
58,26,1434
59,26,1626
60,26,2350
61,26,3172
62,26,5042
63,26,6160
64,26,6078
65,26,6270
66,26,5246
67,26,5620
68,26,5990
69,26,6474
70,26,6202
71,26,6084
72,26,5006
73,26,4284
74,26,3558
75,26,2650
76,26,2358
77,26,2900
78,26,3104
79,26,2596
80,26,3236
81,26,4870
82,26,5032
83,26,3524
84,26,2892
85,26,3064
86,26,1356
87,26,1054
88,26,1118
89,26,670
90,26,726
0,27,86
2,27,1276
3,27,4274
4,27,6612
5,27,5366
6,27,3792
7,27,3874
8,27,6126
9,27,12176
10,27,12592
11,27,12366
12,27,13172
13,27,11600
14,27,9476
15,27,7620
16,27,9242
17,27,10490
18,27,7220
19,27,7048
20,27,15346
21,27,27736
22,27,32796
23,27,42180
24,27,48680
25,27,80592
26,27,168932
27,27,486026
28,27,170752
29,27,43298
30,27,20380
31,27,17062
32,27,14842
33,27,11450
34,27,5208
35,27,6992
36,27,6948
37,27,7116
38,27,5972
39,27,4978
40,27,7430
41,27,8290
42,27,5806
43,27,6212
44,27,6054
45,27,5528
46,27,8886
47,27,4766
48,27,2698
49,27,2720
50,27,4214
51,27,2222
52,27,1466
53,27,1608
54,27,1610
55,27,1414
56,27,1908
57,27,842
58,27,1154
59,27,1064
60,27,1802
61,27,2348
62,27,4960
63,27,6172
64,27,5588
65,27,5782
66,27,5772
67,27,6152
68,27,6692
69,27,6826
70,27,6864
71,27,6474
72,27,4566
73,27,2946
74,27,3028
75,27,1792
76,27,1654
77,27,2238
78,27,2748
79,27,2042
80,27,2472
81,27,4784
82,27,5414
83,27,3126
84,27,2510
85,27,3084
86,27,950
87,27,774
88,27,856
89,27,478
90,27,600
0,28,112
2,28,1444
3,28,4894
4,28,11856
5,28,9058
6,28,6164
7,28,6604
8,28,11204
9,28,15014
10,28,13364
11,28,12888
12,28,14668
13,28,13960
14,28,15070
15,28,12566
16,28,13332
17,28,13540
18,28,12728
19,28,13158
20,28,22910
21,28,32914
22,28,45590
23,28,82338
24,28,62770
25,28,80666
26,28,107004
27,28,170752
28,28,665014
29,28,203016
30,28,35214
31,28,25518
32,28,22268
33,28,23550
34,28,11798
35,28,12248
36,28,11878
37,28,11960
38,28,10112
39,28,9290
40,28,11186
41,28,12756
42,28,10524
43,28,10244
44,28,9362
45,28,9188
46,28,11734
47,28,8120
48,28,5062
49,28,4806
50,28,5942
51,28,3832
52,28,2554
53,28,2792
54,28,2876
55,28,2352
56,28,2880
57,28,1592
58,28,2010
59,28,2058
60,28,3158
61,28,4712
62,28,7674
63,28,8288
64,28,8250
65,28,9252
66,28,7322
67,28,7376
68,28,7456
69,28,8344
70,28,7894
71,28,8972
72,28,7470
73,28,5596
74,28,5326
75,28,3540
76,28,3176
77,28,3796
78,28,4450
79,28,3958
80,28,5042
81,28,6732
82,28,7176
83,28,5254
84,28,4546
85,28,4618
86,28,1852
87,28,1428
88,28,1562
89,28,876
90,28,1090
0,29,86
2,29,876
3,29,3788
4,29,16720
5,29,14342
6,29,10590
7,29,9598
8,29,17512
9,29,12548
10,29,9294
11,29,8534
12,29,11692
13,29,11802
14,29,21202
15,29,19454
16,29,16656
17,29,15252
18,29,20408
19,29,22142
20,29,24276
21,29,21818
22,29,32974
23,29,71440
24,29,32770
25,29,35540
26,29,44252
27,29,43298
28,29,203016
29,29,878228
30,29,180504
31,29,62142
32,29,45716
33,29,57478
34,29,28314
35,29,22674
36,29,21816
37,29,19898
38,29,18418
39,29,17394
40,29,15876
41,29,18244
42,29,18228
43,29,16264
44,29,16264
45,29,17372
46,29,14158
47,29,14436
48,29,9784
49,29,8538
50,29,8694
51,29,7008
52,29,4608
53,29,4820
54,29,4522
55,29,4104
56,29,4422
57,29,3512
58,29,3758
59,29,4344
60,29,5378
61,29,8878
62,29,10202
63,29,9982
64,29,11676
65,29,14990
66,29,9128
67,29,8218
68,29,7474
69,29,8230
70,29,7770
71,29,10512
72,29,11126
73,29,9718
74,29,8018
75,29,6730
76,29,5906
77,29,6464
78,29,6582
79,29,6916
80,29,8414
81,29,7110
82,29,6364
83,29,7602
84,29,7168
85,29,5618
86,29,4082
87,29,3132
88,29,2334
89,29,1642
90,29,1762
0,30,70
2,30,770
3,30,3014
4,30,8410
5,30,7544
6,30,5630
7,30,5480
8,30,7920
9,30,9482
10,30,8410
11,30,7728
12,30,9692
13,30,10098
14,30,10934
15,30,9408
16,30,11230
17,30,11442
18,30,8900
19,30,8896
20,30,14896
21,30,15446
22,30,17790
23,30,17682
24,30,15752
25,30,17046
26,30,17268
27,30,20380
28,30,35214
29,30,180504
30,30,571206
31,30,171646
32,30,72546
33,30,60118
34,30,16930
35,30,18540
36,30,15842
37,30,15822
38,30,12222
39,30,10044
40,30,14300
41,30,14306
42,30,9914
43,30,11402
44,30,10754
45,30,10630
46,30,13912
47,30,8770
48,30,5040
49,30,4846
50,30,6204
51,30,3788
52,30,2478
53,30,2788
54,30,2442
55,30,2182
56,30,2804
57,30,1354
58,30,1766
59,30,1944
60,30,3200
61,30,4336
62,30,8486
63,30,9400
64,30,9386
65,30,9776
66,30,8780
67,30,8328
68,30,7510
69,30,7266
70,30,7710
71,30,8456
72,30,8150
73,30,5312
74,30,5034
75,30,3256
76,30,2930
77,30,3480
78,30,4412
79,30,3684
80,30,4406
81,30,5250
82,30,5150
83,30,4524
84,30,4004
85,30,3736
86,30,1720
87,30,1302
88,30,1438
89,30,704
90,30,968
0,31,62
2,31,848
3,31,3148
4,31,7628
5,31,6956
6,31,5052
7,31,5070
8,31,7272
9,31,9794
10,31,8946
11,31,7660
12,31,9424
13,31,9998
14,31,10244
15,31,8422
16,31,10544
17,31,11188
18,31,8422
19,31,7808
20,31,14074
21,31,14516
22,31,16208
23,31,13254
24,31,13440
25,31,14406
26,31,14896
27,31,17062
28,31,25518
29,31,62142
30,31,171646
31,31,598818
32,31,186498
33,31,91608
34,31,20430
35,31,22092
36,31,18592
37,31,17454
38,31,13902
39,31,10682
40,31,15266
41,31,15630
42,31,10498
43,31,11514
44,31,10574
45,31,10668
46,31,14298
47,31,8586
48,31,5120
49,31,4976
50,31,6224
51,31,3798
52,31,2404
53,31,2910
54,31,2698
55,31,2234
56,31,2938
57,31,1422
58,31,1902
59,31,2006
60,31,3392
61,31,4430
62,31,9362
63,31,10192
64,31,9672
65,31,9858
66,31,9338
67,31,8560
68,31,8266
69,31,8094
70,31,8066
71,31,9208
72,31,8010
73,31,5596
74,31,5172
75,31,3238
76,31,3044
77,31,3686
78,31,4666
79,31,3688
80,31,4468
81,31,5424
82,31,5858
83,31,5068
84,31,4290
85,31,4152
86,31,1662
87,31,1276
88,31,1522
89,31,760
90,31,864
0,32,66
2,32,886
3,32,3342
4,32,7720
5,32,6682
6,32,4762
7,32,4742
8,32,7374
9,32,10360
10,32,8742
11,32,8276
12,32,9612
13,32,10072
14,32,9732
15,32,8554
16,32,10276
17,32,11200
18,32,7938
19,32,7402
20,32,13936
21,32,14960
22,32,15848
23,32,13134
24,32,13236
25,32,13380
26,32,13490
27,32,14842
28,32,22268
29,32,45716
30,32,72546
31,32,186498
32,32,608562
33,32,164572
34,32,25448
35,32,26866
36,32,21188
37,32,19508
38,32,14838
39,32,10620
40,32,16060
41,32,16804
42,32,10660
43,32,11542
44,32,10600
45,32,10372
46,32,14664
47,32,8460
48,32,4922
49,32,4664
50,32,5974
51,32,3762
52,32,2594
53,32,2712
54,32,2868
55,32,2302
56,32,2970
57,32,1444
58,32,1958
59,32,1938
60,32,3430
61,32,4446
62,32,9186
63,32,10706
64,32,10028
65,32,9960
66,32,9266
67,32,8960
68,32,8614
69,32,8458
70,32,8594
71,32,9696
72,32,8262
73,32,5430
74,32,5372
75,32,3102
76,32,2800
77,32,3462
78,32,4770
79,32,3676
80,32,4266
81,32,6136
82,32,6338
83,32,4888
84,32,4198
85,32,4362
86,32,1532
87,32,1264
88,32,1452
89,32,684
90,32,828
0,33,42
2,33,640
3,33,2422
4,33,15110
5,33,15736
6,33,13578
7,33,12078
8,33,17484
9,33,8460
10,33,5474
11,33,4864
12,33,7082
13,33,8074
14,33,15886
15,33,18354
16,33,13800
17,33,12594
18,33,20692
19,33,21442
20,33,16942
21,33,11116
22,33,15882
23,33,25572
24,33,11516
25,33,11564
26,33,12248
27,33,11450
28,33,23550
29,33,57478
30,33,60118
31,33,91608
32,33,164572
33,33,1189296
34,33,468598
35,33,78420
36,33,51666
37,33,36558
38,33,37100
39,33,33030
40,33,22294
41,33,23708
42,33,26454
43,33,20650
44,33,19562
45,33,21718
46,33,13662
47,33,18336
48,33,16310
49,33,12258
50,33,9540
51,33,10532
52,33,8224
53,33,8400
54,33,7266
55,33,6712
56,33,6608
57,33,8268
58,33,7512
59,33,8806
60,33,9752
61,33,16178
62,33,13548
63,33,9764
64,33,12092
65,33,15998
66,33,8580
67,33,7498
68,33,6492
69,33,7082
70,33,6410
71,33,9832
72,33,12806
73,33,13950
74,33,11204
75,33,11300
76,33,10022
77,33,10046
78,33,8766
79,33,11024
80,33,10470
81,33,6726
82,33,5694
83,33,9246
84,33,10160
85,33,7564
86,33,8462
87,33,6158
88,33,3828
89,33,3102
90,33,2892
0,34,20
2,34,214
3,34,978
4,34,12140
5,34,14506
6,34,16478
7,34,14074
8,34,16890
9,34,4416
10,34,2576
11,34,2192
12,34,3306
13,34,4104
14,34,13274
15,34,18178
16,34,9766
17,34,7850
18,34,22060
19,34,24590
20,34,10048
21,34,5084
22,34,7268
23,34,20234
24,34,6056
25,34,5830
26,34,7576
27,34,5208
28,34,11798
29,34,28314
30,34,16930
31,34,20430
32,34,25448
33,34,468598
34,34,1757014
35,34,289956
36,34,93730
37,34,46542
38,34,56114
39,34,43764
40,34,17666
41,34,18424
42,34,29350
43,34,19960
44,34,18392
45,34,21622
46,34,6892
47,34,20590
48,34,24636
49,34,17160
50,34,10886
51,34,16328
52,34,14014
53,34,13574
54,34,11232
55,34,10524
56,34,10344
57,34,14148
58,34,13422
59,34,16610
60,34,15372
61,34,22688
62,34,9810
63,34,5674
64,34,8174
65,34,11478
66,34,4376
67,34,4422
68,34,3400
69,34,3868
70,34,3054
71,34,5394
72,34,9630
73,34,16574
74,34,13220
75,34,16846
76,34,15624
77,34,12926
78,34,8838
79,34,13606
80,34,11340
81,34,4786
82,34,3356
83,34,9022
84,34,10784
85,34,6826
86,34,13764
87,34,10180
88,34,5256
89,34,4588
90,34,4586
0,35,36
2,35,422
3,35,1700
4,35,11064
5,35,13726
6,35,12102
7,35,12060
8,35,13318
9,35,6194
10,35,4180
11,35,3294
12,35,5104
13,35,5884
14,35,10916
15,35,13026
16,35,10624
17,35,9936
18,35,14554
19,35,15316
20,35,12390
21,35,7226
22,35,10168
23,35,15248
24,35,7374
25,35,7532
26,35,8042
27,35,6992
28,35,12248
29,35,22674
30,35,18540
31,35,22092
32,35,26866
33,35,78420
34,35,289956
35,35,1394202
36,35,303114
37,35,88256
38,35,68048
39,35,37992
40,35,28502
41,35,26182
42,35,24496
43,35,20994
44,35,17508
45,35,18580
46,35,11932
47,35,15970
48,35,18138
49,35,15628
50,35,12756
51,35,13014
52,35,10582
53,35,12224
54,35,10522
55,35,9152
56,35,10320
57,35,7670
58,35,10328
59,35,10918
60,35,15542
61,35,17692
62,35,14802
63,35,8724
64,35,10634
65,35,12754
66,35,6948
67,35,6364
68,35,5678
69,35,6046
70,35,5140
71,35,8002
72,35,12070
73,35,13362
74,35,14122
75,35,12362
76,35,11906
77,35,12100
78,35,11426
79,35,12046
80,35,10894
81,35,5990
82,35,5006
83,35,9582
84,35,10176
85,35,7778
86,35,7982
87,35,6812
88,35,5746
89,35,3198
90,35,3768
0,36,44
2,36,428
3,36,1830
4,36,11292
5,36,12994
6,36,10942
7,36,10918
8,36,12858
9,36,6218
10,36,3956
11,36,3462
12,36,5008
13,36,5620
14,36,11332
15,36,13336
16,36,9664
17,36,8834
18,36,14368
19,36,14850
20,36,11380
21,36,7282
22,36,9712
23,36,16296
24,36,7466
25,36,7346
26,36,8618
27,36,6948
28,36,11878
29,36,21816
30,36,15842
31,36,18592
32,36,21188
33,36,51666
34,36,93730
35,36,303114
36,36,1243114
37,36,359982
38,36,135990
39,36,51312
40,36,32278
41,36,29224
42,36,27878
43,36,21484
44,36,17838
45,36,18924
46,36,11968
47,36,16750
48,36,17544
49,36,15028
50,36,13236
51,36,13692
52,36,10246
53,36,11724
54,36,10292
55,36,8762
56,36,10052
57,36,8108
58,36,10082
59,36,10492
60,36,13532
61,36,16552
62,36,12732
63,36,8486
64,36,10352
65,36,12992
66,36,6982
67,36,6576
68,36,5908
69,36,6428
70,36,5384
71,36,7906
72,36,11076
73,36,12014
74,36,12216
75,36,11790
76,36,11270
77,36,10918
78,36,10072
79,36,10394
80,36,9822
81,36,5962
82,36,5216
83,36,8702
84,36,9646
85,36,7342
86,36,8064
87,36,6764
88,36,5140
89,36,3244
90,36,3468
0,37,30
2,37,420
3,37,1982
4,37,10232
5,37,11022
6,37,9804
7,37,9324
8,37,11148
9,37,6324
10,37,4586
11,37,3974
12,37,5260
13,37,6150
14,37,10398
15,37,11380
16,37,10054
17,37,9442
18,37,11946
19,37,12280
20,37,11618
21,37,7884
22,37,10196
23,37,14618
24,37,7928
25,37,7836
26,37,8460
27,37,7116
28,37,11960
29,37,19898
30,37,15822
31,37,17454
32,37,19508
33,37,36558
34,37,46542
35,37,88256
36,37,359982
37,37,1190490
38,37,410044
39,37,61582
40,37,47024
41,37,37700
42,37,27996
43,37,22988
44,37,18960
45,37,19342
46,37,15206
47,37,16646
48,37,15456
49,37,15000
50,37,14376
51,37,11972
52,37,9792
53,37,10898
54,37,9670
55,37,8370
56,37,9926
57,37,6548
58,37,8218
59,37,8912
60,37,12522
61,37,13852
62,37,14234
63,37,9806
64,37,10958
65,37,12960
66,37,8022
67,37,7436
68,37,6584
69,37,7202
70,37,6318
71,37,8862
72,37,11502
73,37,11326
74,37,11400
75,37,9696
76,37,9466
77,37,10152
78,37,10754
79,37,9912
80,37,9328
81,37,6492
82,37,5734
83,37,8282
84,37,9086
85,37,7764
86,37,6082
87,37,5466
88,37,4924
89,37,2668
90,37,3170
0,38,20
2,38,368
3,38,1430
4,38,10972
5,38,13540
6,38,12222
7,38,12384
8,38,13358
9,38,5416
10,38,3252
11,38,2914
12,38,4248
13,38,4896
14,38,11224
15,38,13658
16,38,9582
17,38,8562
18,38,15868
